1	0.987824634354719	0.922064208000374	0.882203146251647	0.784613886192302	0.779591367628840	0.743339617151888	0.744098901410394	0.539379646787638	0.415789385219162	0.604364277375475	0.329223706390294	0.418353551875571	0.372424012939751	0.642373203630924	0.487988319139145	0.329292821479267	0.396113470155083	0.327961056855696	0.375668198163036	0.459426190853138	0.410929042463630	0.432249912060213	0.0601502542619021	0.144123814050815	0.137651919851287	0.115519717290205	-0.128381224225669	-0.427098771988862	0.326214100887411	0.317503421957999	0.367128982347619	-0.118234770319936	-0.0682508415371811	-0.188293018516134	-0.0232148273387835	0.277723305978630	-0.224794949795769	-0.178445933063099	-0.188845409603497	-0.463050076795654	-0.558917298256147	-0.516003764496226	-0.533812272626476	-0.638024957226318	-0.723709490914979	-0.615037229764353	-0.652463429812739	-0.610622766050478	-0.412578076814855	-0.290663006226590	-0.344427193017049	-0.365987599333558	-0.545209309659599	-0.612511939735441	-0.594205148323977	-0.584093836311973	-0.513687852831384	-0.539397588922783	0.115941699367462	-0.614304696555887	-0.394872536048019	-0.397350010539163	-0.571478894930258	-0.576105902933194
0.987824634354719	1	0.921268190025963	0.898143032109203	0.778892806165914	0.784272783546454	0.759396492165579	0.728843678759935	0.575695642808253	0.440093797949539	0.652829448958362	0.354443078492232	0.431725955286277	0.378385084777370	0.635499503797683	0.480108573146946	0.334334154909313	0.377174364393642	0.314254367591846	0.383106246021746	0.458601210816779	0.428276133601020	0.442038007309314	0.0535435001352438	0.154370256350674	0.129517402770451	0.128735784174176	-0.167011627692629	-0.422506387694046	0.303621968240818	0.302571436742608	0.357060747752616	-0.137743256816474	-0.0752135485422632	-0.172680284068753	-0.00965293895298358	0.289067901143809	-0.215032555538863	-0.167209140715255	-0.202585803303424	-0.474450075912387	-0.564512062489901	-0.509819661972437	-0.550195627365472	-0.641788714989045	-0.729073973990370	-0.623846013258847	-0.672469882847843	-0.625232259948678	-0.421691566459053	-0.310936790029890	-0.345879164513786	-0.375147693241085	-0.576070796775801	-0.635319751157582	-0.609227831601377	-0.599352609097127	-0.513526826601788	-0.580839960625905	0.110501187851533	-0.602546571332532	-0.414176963221801	-0.402094022964127	-0.591467940313357	-0.604128364284556
0.922064208000374	0.921268190025963	1	0.898597471755249	0.814701920971754	0.810448427250856	0.830766049739630	0.734778035460849	0.566808486096431	0.393657601934641	0.662500135910623	0.333109806211903	0.396457072334988	0.289076396896438	0.855185159059866	0.465108708971602	0.429892212875377	0.392050101661688	0.242507732910666	0.410938038831739	0.599299840701625	0.446820458891223	0.492642681674891	0.181448237056612	0.0752511686926145	0.172292884134348	0.143445402112619	-0.156167239891551	-0.410337680459365	0.207545987302608	0.376772805676353	0.453855727861245	-0.167048892994624	-0.00197707168198046	-0.0375315043065805	-0.00176671844792980	0.158383152688753	-0.0995481693046886	-0.0936846945023522	-0.124456541242047	-0.402322434179355	-0.461794553079273	-0.286859499214199	-0.419540494564376	-0.591902860227028	-0.649813919778037	-0.590319874801755	-0.516148409878994	-0.499333310170899	-0.371810325199396	-0.380231692150978	-0.421774842854230	-0.410391954405510	-0.524454313161985	-0.572440861080826	-0.360596038018971	-0.481307796947646	-0.367129213904029	-0.185004174774908	0.156047709118673	-0.545738897866098	-0.240889447037682	-0.298832071763468	NaN	NaN
0.882203146251647	0.898143032109203	0.898597471755249	1	0.785643102627578	0.779706360724936	0.762061966383019	0.709393390543927	0.595952419923201	0.412848557962008	0.663038762786759	0.367297179080915	0.440888602008127	0.433420155530655	0.712382876796130	0.510099051550392	0.433634410958314	0.398212838246532	0.314829683331255	0.428505525286131	0.442566736813569	0.516953182554527	0.530501067714708	0.133511043762159	0.152827276491765	0.125304127466071	0.0987482072457684	-0.157949256233879	-0.351487554507476	0.234884928410099	0.275161117504062	0.349479716262819	-0.121947287196838	-0.101803776943260	-0.141085024885655	-0.0424971193354390	0.248453762322609	-0.127823077557605	-0.0950904152600247	-0.148325590284619	-0.404819307889816	-0.462604403730372	-0.386894673963183	-0.462355351787639	-0.518998102946705	-0.560479839656491	-0.568955297724613	-0.626261037886888	-0.578082058831222	-0.432002441309859	-0.302694855901332	-0.355655909183205	-0.322393556156479	-0.599820394014516	-0.542974313688230	-0.602286595172091	-0.529329274000747	-0.420103708875740	-0.501040885001749	0.104404601553609	-0.558452952708183	-0.400926564284517	-0.326584834895698	-0.509292633682754	-0.518765923160639
0.784613886192302	0.778892806165914	0.814701920971754	0.785643102627578	1	0.921182894402439	0.802094925477235	0.793122073797208	0.554256930299935	0.361109652774359	0.536627042512882	0.349686877493292	0.384813943687193	0.446130480652424	0.633705100719392	0.503371659110215	0.629285478342645	0.579615151831414	0.481861384837753	0.551352629437838	0.551208503773561	0.646492420571488	0.517695980470888	0.229141318579599	0.314066972568050	0.389708848164936	0.265002714297844	0.0870601676825004	-0.242970156519186	0.314529647717281	0.385977481263714	0.429322553552030	-0.124524045567359	-0.0110966606510567	-0.150270853724533	-0.0342480203642306	0.175795725474009	-0.128459589802006	-0.0566093969888776	-0.136308953509328	-0.399302170333201	-0.527253669237366	-0.427631786614172	-0.382857254438319	-0.493023658907822	-0.544318436054757	-0.595159727494768	-0.642823186814498	-0.538163957195163	-0.381761438185963	-0.254519903640930	-0.276184929687868	-0.333711067346995	-0.529447831869509	-0.533856298709765	-0.561695601794690	-0.528487446650153	-0.433866405755289	-0.490529616509283	0.146662616875993	-0.636603572380282	-0.405629164068745	-0.322907640957447	-0.476463128037463	-0.454011025909519
0.779591367628840	0.784272783546454	0.810448427250856	0.779706360724936	0.921182894402439	1	0.845877866257902	0.807985206233870	0.559195300045582	0.405631090561146	0.585645330920757	0.392651776185972	0.412452235072622	0.491634910504214	0.663905091784277	0.451243122545532	0.590587658551444	0.575048938781065	0.507310499239779	0.529592612518318	0.564239644158087	0.583534439750125	0.540355203991345	0.251706935545031	0.338452111576758	0.380148739092791	0.314440317101328	-0.0258588032847672	-0.270369258235952	0.298947495986775	0.383797988312628	0.441321993135257	-0.0882571974734960	-0.0413020372317224	-0.0802045295329429	-0.0212041689322211	0.0946333477570092	-0.149735580769868	-0.0944321381942976	-0.164295609878623	-0.368088213162689	-0.539637217191681	-0.456361195341688	-0.420965991759039	-0.502897139669205	-0.564553930970744	-0.630810748123650	-0.664047439896550	-0.580517204798159	-0.412927997416008	-0.310333648284378	-0.351520242475736	-0.378126213778673	-0.502815428553695	-0.577300313123741	-0.529925814475015	-0.540706069873075	-0.460634121839403	-0.479487781725648	0.164403373302845	-0.631381224957851	-0.371865016320043	-0.346864506632028	-0.520521169577310	-0.425443385348547
0.743339617151888	0.759396492165579	0.830766049739630	0.762061966383019	0.802094925477235	0.845877866257902	1	0.856577036441847	0.672583672901672	0.431034111449129	0.605430493461281	0.452138005003181	0.403004783260633	0.404415878362597	0.626644715317255	0.547576211494231	0.497830714221587	0.483688139748988	0.443339916316536	0.530726257689928	0.586133800118171	0.621735854594740	0.558383915698858	0.196039143649517	0.353286434368659	0.314838378006726	0.284505520960663	-0.0540717535466681	-0.315432988862733	0.276924261758796	0.247075729227509	0.308537147230857	-0.0842290665321081	0.0461925521533973	0.00355264510258264	0.0565767801832657	0.0544541275662182	-0.104648789166968	-0.0282005225297011	-0.187851535492885	-0.474414527316475	-0.536647492791009	-0.457508033421679	-0.474716131621322	-0.515633940235381	-0.546758637774916	-0.576943843914624	-0.561881910189446	-0.490873454838174	-0.438872992508312	-0.351991493973882	-0.381307036420017	-0.377856276596519	-0.464536070716032	-0.464860997496193	-0.481519070010917	-0.488019613749674	-0.440381480558617	-0.572189276474836	0.110094000861776	-0.505955513439190	-0.350716770110292	-0.302826108809091	-0.386271483507571	-0.436466535289527
0.744098901410394	0.728843678759935	0.734778035460849	0.709393390543927	0.793122073797208	0.807985206233870	0.856577036441847	1	0.444997173489193	0.367088137105698	0.460545007278797	0.250515347477530	0.451803244009967	0.432411525287926	0.434842952073811	0.615953406717941	0.473405337576354	0.565890562069601	0.443406758933220	0.531446989158043	0.535244975049713	0.423552640887602	0.457800662170496	0.226953416437014	0.317200266339201	0.315984857092791	0.243448121172038	0.0378260184363073	-0.289341802167613	0.350184633064286	0.333129922023150	0.367379801081012	-0.0898827782787019	-0.145859092099520	-0.258204961486087	-0.155416724904845	0.0343913728876671	-0.188983422584845	-0.0932831389198481	-0.0359484010052886	-0.326432246769310	-0.384518814486363	-0.411214452067876	-0.322033966754276	-0.468085844291941	-0.534587789186857	-0.538332926602380	-0.528064707426330	-0.486933507308471	-0.327513968835118	-0.154973041796163	-0.319896882714630	-0.238435403568128	-0.424637377513125	-0.529478098611189	-0.539620739295061	-0.417366440594858	-0.369075095396998	-0.321400287335094	0.172511823315299	-0.464719765867145	-0.368417529320282	-0.355272624317191	-0.493283655974180	-0.432907596991679
0.539379646787638	0.575695642808253	0.566808486096431	0.595952419923201	0.554256930299935	0.559195300045582	0.672583672901672	0.444997173489193	1	0.803956404530308	0.803627061185933	0.788794364484150	0.597810242187012	0.461684362476216	0.658666218418183	0.419942810368907	0.466527590563196	0.258769237553478	0.263418116561471	0.372772125567369	0.509329878791439	0.501492870316372	0.398270415690512	0.0641130272761866	0.191300944733370	0.195278084096339	0.123992657523980	-0.183779948852889	-0.108832663734670	-0.0667402440739703	0.146519094533792	0.0469188045786344	-0.116378545775049	0.152563297840335	0.134666243046813	-0.0171252361260934	0.260005170886857	0.0124749152900854	0.0994268869146067	-0.353560482390057	-0.356951213836764	-0.446758095537433	-0.414432277326855	-0.395778657709645	-0.467239464208501	-0.507522189064949	-0.557172586904174	-0.540139275812237	-0.499154160280423	-0.503799720190444	-0.473161472107684	-0.582893619390614	-0.523215334410695	-0.531395711005114	-0.452717012898496	-0.405359127757458	-0.485134348557917	-0.309375172250443	-0.365155650296647	-0.240782130320258	-0.552937252333518	-0.242538250168496	0.0602837605066597	-0.375361790688150	NaN
0.415789385219162	0.440093797949539	0.393657601934641	0.412848557962008	0.361109652774359	0.405631090561146	0.431034111449129	0.367088137105698	0.803956404530308	1	0.753714844629778	0.507388043040996	0.703113811785392	0.251295775004066	0.536585437936576	0.304789756369406	0.406535667709020	0.181124048740088	0.342101790448103	0.286103700328256	0.446725017938608	0.364099799931485	0.229385852281651	-0.0707699226833210	0.158760838426103	0.138247011762725	0.128504928663157	-0.242555322511105	-0.0598820904019211	0.0620324864033578	0.0671157444055584	-0.00606006648322134	-0.146729863237312	0.261048671665104	0.0823498319781276	0.119987888396272	0.135897374331379	-0.137853388467020	0.216458745621406	-0.277473748224157	-0.296612054807726	-0.230507557240110	-0.297563504814661	-0.276698110184041	-0.258993724765747	-0.233603190686518	-0.475337544442669	-0.438508958977635	-0.255415340928413	-0.328309334991266	-0.252245613070955	-0.215532839247248	-0.389687079176014	-0.278718528738014	-0.239003116480258	-0.0394063214832934	-0.277551053375995	-0.199675810243586	-0.157647480616407	-0.446067656364179	-0.444041424645646	-0.00810444553930363	0.00277659219250122	0.00304641597729374	-0.446717298415124
0.604364277375475	0.652829448958362	0.662500135910623	0.663038762786759	0.536627042512882	0.585645330920757	0.605430493461281	0.460545007278797	0.803627061185933	0.753714844629778	1	0.808723785616925	0.472736818997442	0.433084161937877	0.549129245408642	0.480745454564915	0.499115465427015	0.201548387223768	0.198905053782985	0.278667662816491	0.373109051923781	0.480475313056284	0.425954739190407	-0.00315482989192417	0.109494100902692	0.0924721652583214	0.141315749516068	-0.341737523591312	-0.129915197694285	-0.136113635992421	0.168729182907913	0.0826043555485394	-0.0798629584904324	0.205649243613170	0.0260444568716645	-0.00688430733755322	0.307368928874242	-0.0891864192154422	0.0181369127293920	-0.328809110888333	-0.366282607203833	-0.443825963809109	-0.423887221258246	-0.431478937005868	-0.526587534043383	-0.524326632685750	-0.559181232447312	-0.543036179555016	-0.513507089866837	-0.477158681409304	-0.437676058856161	-0.456015350875636	-0.381248415946781	-0.555676537118396	-0.542859280002668	-0.495397576882121	-0.504325570394059	-0.350817694972561	-0.331776417735255	-0.299136313830953	-0.484516908123908	-0.251072737188876	-0.0353709506289827	-0.441918017141979	NaN
0.329223706390294	0.354443078492232	0.333109806211903	0.367297179080915	0.349686877493292	0.392651776185972	0.452138005003181	0.250515347477530	0.788794364484150	0.507388043040996	0.808723785616925	1	0.263535247168265	0.521758427356684	0.568835228056576	0.255896925350055	0.290611346129082	0.284118626565954	0.172298646609297	0.120778388801770	0.236902893260381	0.316969295430662	0.296929178777091	0.290130885269041	0.117096090702110	0.0666745095224474	-0.0480427796436660	-0.174952986751333	-0.258911965120698	-0.220339549181418	0.135290786441376	-0.0426942227818189	0.157194000260766	0.158564974672384	0.257342748551229	-0.0529349769103830	0.178953189950710	-0.0716607594793977	-0.0336750271988761	-0.352842785813067	-0.332709699930425	-0.515637563002743	-0.428266373423540	-0.443681028790596	-0.496437048567542	-0.398085980853636	-0.385987191345620	-0.490909548772454	-0.516931659246562	-0.473694098117096	-0.431993565963879	-0.464102251559458	-0.422337861379459	-0.456669964063531	-0.313929271030085	-0.459647230550306	-0.456019118200671	-0.349739066805712	-0.286375998698986	-0.266263941060841	-0.490488624919731	-0.153510408101323	-0.137659190039353	-0.517019945665389	NaN
0.418353551875571	0.431725955286277	0.396457072334988	0.440888602008127	0.384813943687193	0.412452235072622	0.403004783260633	0.451803244009967	0.597810242187012	0.703113811785392	0.472736818997442	0.263535247168265	1	0.427868264821729	0.314323726136626	0.397289580057522	0.333665733442183	0.244770825000609	0.277644794219432	0.360999328561342	0.367282791298949	0.289582250308578	0.275034962723750	0.127214131642283	0.172279445151659	0.183110809819285	0.188796856193735	-0.138928087075921	-0.0405552536475147	0.169338992795668	0.203574047586245	0.0822560141891776	-0.228446857993129	-0.00129565180381976	-0.131190854006738	-0.0990859748307785	-0.0223989052693818	-0.00474074152523515	0.218198083661936	-0.177388807953203	-0.377694319477466	-0.113775338694334	-0.145344795937127	-0.267673069380267	-0.280482271212829	-0.194889436195785	-0.208300044396528	-0.369592769910509	-0.213822753393566	-0.358074468922192	-0.0947310702310605	-0.135079397484003	-0.245302723859881	-0.323073341000049	-0.222915941832270	-0.116883897554327	-0.219854994830808	-0.255219286562162	-0.198515358755340	-0.221818455915271	-0.163193632249366	-0.0895382471192030	0.00519638250177328	-0.168289419654659	-0.416867632176662
0.372424012939751	0.378385084777370	0.289076396896438	0.433420155530655	0.446130480652424	0.491634910504214	0.404415878362597	0.432411525287926	0.461684362476216	0.251295775004066	0.433084161937877	0.521758427356684	0.427868264821729	1	0.298481515577338	0.249530851108941	0.309030950179268	0.494385239839173	0.363833069025654	0.303235914779057	0.249178922766147	0.242714323802854	0.277903225225002	0.292596551170211	0.181817306244318	0.135101638259634	0.0984499382416294	-0.0993386651791673	-0.242674752086751	0.0130486851380466	0.266001656678429	0.260558039255368	0.136381342704082	-0.0686480101081713	0.0594877722112838	-0.136821534115006	0.106870511839156	-0.0234500502119239	-0.0137658019033277	-0.115445466991575	-0.337960097224579	-0.348415149730629	-0.259768308954833	-0.308689042389812	-0.366143196567927	-0.317464110226984	-0.273694053676636	-0.351657056641500	-0.312341147694543	-0.363400532170659	-0.181199757261773	-0.249556850861766	-0.265354487194728	-0.316819304564893	-0.449085603231216	-0.562465956652014	-0.337989181352217	-0.299548678576480	-0.339685478436384	0.209671360602830	-0.0633312995026493	-0.345312429373300	-0.235554868459373	-0.560226074214789	-0.308076894954117
0.642373203630924	0.635499503797683	0.855185159059866	0.712382876796130	0.633705100719392	0.663905091784277	0.626644715317255	0.434842952073811	0.658666218418183	0.536585437936576	0.549129245408642	0.568835228056576	0.314323726136626	0.298481515577338	1	0.463268046728083	0.492846730665460	0.417887488086346	0.406948654134322	0.379699798174798	0.496965630468349	0.491108812106726	0.421637167537599	0.505211106409165	0.253544013096144	0.494925722706040	-0.109472556699324	-0.259386369419424	-0.185339045372072	0.121158187074158	0.368901680514226	0.199491845381808	0.271458652156334	0.342562337088215	0.391353498842725	0.390252807634246	0.257098025811872	0.170312524470504	0.180068718560994	-0.144729159586119	-0.361907283389785	-0.361341328827542	-0.279824761201372	-0.354581124732111	-0.263515440871596	-0.271331570839932	-0.546751735097341	-0.490454101592221	-0.362844879303716	-0.327903252681017	-0.376623038873292	-0.585283892454801	-0.430025368141150	-0.330140512460062	-0.0218752183763502	-0.193062750614039	-0.335751072042895	-0.281874096004278	-0.224761270445084	-0.0501427577965571	-0.518724866450640	-0.0308523435060083	0.164074483286869	0.00844167008417758	NaN
0.487988319139145	0.480108573146946	0.465108708971602	0.510099051550392	0.503371659110215	0.451243122545532	0.547576211494231	0.615953406717941	0.419942810368907	0.304789756369406	0.480745454564915	0.255896925350055	0.397289580057522	0.249530851108941	0.463268046728083	1	0.431247299227664	0.206948067176899	0.0245098503465671	0.273990639413135	0.219886873660543	0.301674731052483	0.225311830649193	0.177686144209246	0.180813046111447	0.124918475598501	0.0954667686963936	-0.0167613631237882	-0.0787398232510613	0.0700940269470842	0.241559051834707	0.110358665359146	-0.107812185939306	-0.114218948665730	-0.263078455400920	-0.0514770566190952	0.0904762902426451	-0.133448723456822	-0.101313125003200	-0.0557455805278939	-0.286101733097260	-0.197562860377144	-0.209041517779807	-0.213818651844795	-0.391802720550975	-0.294338262430011	-0.408680229151173	-0.467417854602036	-0.420714392580556	-0.260611839358933	-0.158922215221113	-0.315057071564581	-0.00208475558022225	-0.342275775071992	-0.276509239295471	-0.470688983222140	-0.272341580050555	-0.271645547879995	-0.280408325232678	-0.137676553514163	-0.383711654207586	-0.206529073489380	-0.219517801168442	-0.336361680816274	-0.439887283046809
0.329292821479267	0.334334154909313	0.429892212875377	0.433634410958314	0.629285478342645	0.590587658551444	0.497830714221587	0.473405337576354	0.466527590563196	0.406535667709020	0.499115465427015	0.290611346129082	0.333665733442183	0.309030950179268	0.492846730665460	0.431247299227664	1	0.551194885091559	0.529161349127248	0.521149788740582	0.502132397502948	0.635319540595391	0.630441030950111	0.586460131554911	0.289438241590183	0.443149477899818	0.376409933901111	0.0474154884697379	0.148488926533626	0.00444138328406402	0.244920004541241	0.418877268474387	-0.0452104372560042	0.113529629247969	-0.0762097578021254	0.00315344668711423	0.0919675477885333	0.117602678230742	0.235140701363064	-0.0179652683997122	-0.188390377023276	-0.183394204595857	-0.0715980301590727	-0.0211807781859810	-0.131154128963216	-0.138812442643034	-0.345559781670994	-0.335319746415205	-0.192576056267175	-0.196609240405132	-0.0561628256154750	0.0308409926562724	-0.0129509475380148	-0.306713525462728	-0.194451289051369	-0.318697434560862	-0.161227150444313	-0.0833551688772288	-0.146498216695853	-0.0217120496287993	-0.189359132238656	-0.180410755071429	0.0276114786447449	-0.202069001000934	NaN
0.396113470155083	0.377174364393642	0.392050101661688	0.398212838246532	0.579615151831414	0.575048938781065	0.483688139748988	0.565890562069601	0.258769237553478	0.181124048740088	0.201548387223768	0.284118626565954	0.244770825000609	0.494385239839173	0.417887488086346	0.206948067176899	0.551194885091559	1	0.624702593964702	0.645743474723551	0.559569050812224	0.332449883024927	0.429251726160334	0.328285447233186	0.341312320100779	0.430842131328049	0.254792711339053	0.149631482888698	-0.234608358108880	0.270125563464044	0.343241059302779	0.375035257914851	0.191696412247600	-0.0454906819710876	0.0365865276652218	-0.00890166264686340	0.0883325756260453	0.0172621521312790	0.0588854209298447	0.0265975096913864	-0.0975620597405805	-0.245814889638757	-0.110143825786573	-0.162199819958547	-0.155484835516936	-0.217213765020798	-0.279216693253925	-0.227052611465684	-0.107826899180167	-0.205381045919096	-0.0345242141631452	-0.172580070456897	-0.281440007214640	-0.193807894038991	-0.364375588027681	-0.368996849416429	-0.265379335810080	-0.186081309903738	-0.131598673282607	0.467340992622347	-0.0192186022014327	-0.253126869600465	-0.239696880040834	-0.207840811636322	-0.184630338441522
0.327961056855696	0.314254367591846	0.242507732910666	0.314829683331255	0.481861384837753	0.507310499239779	0.443339916316536	0.443406758933220	0.263418116561471	0.342101790448103	0.198905053782985	0.172298646609297	0.277644794219432	0.363833069025654	0.406948654134322	0.0245098503465671	0.529161349127248	0.624702593964702	1	0.557434513814989	0.525063808839049	0.412259450872714	0.280071960301591	0.234312055543578	0.390439809334776	0.410277721393235	0.336103207669479	0.0992259698982554	-0.167104093024506	0.412039004460065	0.185103051802874	0.386480893031801	0.194269595878760	0.163907872863466	0.0327796197971468	0.186600282775504	0.0842188587281969	-0.0811784630809600	0.100908621269307	-0.0920894913256197	-0.0969542725645974	-0.231704372418181	-0.173713746721126	-0.0392129959023888	-0.0896927712027315	-0.152781193381304	-0.347542783229740	-0.380704493866717	-0.209534495761020	-0.154653885942482	-0.0221158415552661	-0.00701938277020790	-0.143742097287318	-0.138199660689548	-0.209193103616508	-0.110574498453638	-0.144910916072905	-0.0466203773151889	-0.267951802473628	0.536535484267275	-0.167269237980731	-0.145909844571699	-0.200805236791036	-0.252623324083091	-0.164540035014434
0.375668198163036	0.383106246021746	0.410938038831739	0.428505525286131	0.551352629437838	0.529592612518318	0.530726257689928	0.531446989158043	0.372772125567369	0.286103700328256	0.278667662816491	0.120778388801770	0.360999328561342	0.303235914779057	0.379699798174798	0.273990639413135	0.521149788740582	0.645743474723551	0.557434513814989	1	0.652743492645578	0.503725185762675	0.450053078831981	0.268777243275850	0.389723195496639	0.356305258335897	0.182852177922160	0.0660243366571899	-0.0165271269409316	0.235973058746111	0.233509352497343	0.342345414545352	-0.0719506086055154	0.0295940710910361	-0.0362490769953552	0.0738178496265133	0.0139813246415061	0.0457394597730574	0.169125973813262	0.0483138113671261	-0.0469905049884632	-0.103170232480626	-0.0128760049190793	-0.0810651063310525	-0.132739512995696	-0.174261685940076	-0.313795143079991	-0.337699632665752	-0.219061087708425	-0.306207458681608	-0.0105137653403432	-0.0966562248504393	-0.187549798626686	-0.169522044352257	-0.157990303246636	-0.119742253352873	-0.228339286994339	-0.125416805776508	-0.200850345531155	0.132705411029052	-0.245280344375541	-0.166070567827702	-0.0964811244882127	-0.176287648047324	-0.100579491801688
0.459426190853138	0.458601210816779	0.599299840701625	0.442566736813569	0.551208503773561	0.564239644158087	0.586133800118171	0.535244975049713	0.509329878791439	0.446725017938608	0.373109051923781	0.236902893260381	0.367282791298949	0.249178922766147	0.496965630468349	0.219886873660543	0.502132397502948	0.559569050812224	0.525063808839049	0.652743492645578	1	0.424034147933888	0.460459592933734	0.108724032871737	0.217686113331616	0.277342428549613	0.220416711014544	0.0240720468931682	-0.129249287687656	0.242613980269536	0.188465934302513	0.309810125973333	-0.0716624483742357	0.0523119229929908	0.104391531332483	0.147836924672134	0.0540594747540633	0.0535901843692963	0.191849362206765	-0.0527788699643682	0.0122449819173475	-0.189454412131610	-0.0364148483030775	-0.207919920387228	-0.234011520062187	-0.318154367527231	-0.321552681110892	-0.282028653470638	-0.141955738922698	-0.226565474067657	-0.152859146111149	-0.155862383874848	-0.338536389618732	-0.165813057291026	-0.237829874066649	-0.0452434445480979	-0.230084071941722	-0.0832183405573377	-0.0783496513155157	0.163383233812831	-0.303962410780912	-0.0424663682018566	-0.129987369667661	-0.000334487659743883	0.00524994351761044
0.410929042463630	0.428276133601020	0.446820458891223	0.516953182554527	0.646492420571488	0.583534439750125	0.621735854594740	0.423552640887602	0.501492870316372	0.364099799931485	0.480475313056284	0.316969295430662	0.289582250308578	0.242714323802854	0.491108812106726	0.301674731052483	0.635319540595391	0.332449883024927	0.412259450872714	0.503725185762675	0.424034147933888	1	0.523269282214815	0.175274215100415	0.346864393575024	0.324054590853651	0.294423261369093	0.103928717461459	-0.0862515393738314	0.0571165536517953	0.173829588079675	0.366336432284993	-0.163566224011540	0.305661392760303	0.0429232386223756	0.0654047182004854	0.130393850365395	0.130006630516761	0.208901847690853	-0.0910310184378532	-0.228463213285064	-0.279366821819126	-0.138061240505260	-0.0907379421093791	-0.212970598374188	-0.276749040240117	-0.262412672207933	-0.261327316596332	-0.212671844739978	-0.373139774341414	-0.136432149211687	-0.0496346592670812	-0.123745866580328	-0.373056482198156	-0.0380995838689496	-0.340951981729080	-0.221833184759276	-0.153606155044406	-0.149989230091950	-0.0435122105182752	-0.288521222619383	-0.203620542407582	0.0702584130801152	-0.169197229164047	NaN
0.432249912060213	0.442038007309314	0.492642681674891	0.530501067714708	0.517695980470888	0.540355203991345	0.558383915698858	0.457800662170496	0.398270415690512	0.229385852281651	0.425954739190407	0.296929178777091	0.275034962723750	0.277903225225002	0.421637167537599	0.225311830649193	0.630441030950111	0.429251726160334	0.280071960301591	0.450053078831981	0.460459592933734	0.523269282214815	1	0.594109216310567	0.276662444135358	0.431607749534481	0.263829208708808	-0.0421687643530766	-0.137090762089663	0.0499065154485953	0.146996438757289	0.523948717523994	-0.116595504930701	-0.000443922005738728	0.00218682049456480	-0.108261017365253	-0.0104666005052088	0.253239514210464	0.278953541493304	0.00222904442747347	-0.169702563632695	-0.262469845677576	-0.00482999801632407	-0.175711410181959	-0.190914238319248	-0.245154254408357	-0.282570527016570	-0.195320580656052	-0.174762333086137	-0.310683999535911	-0.0752173459175204	-0.0395354702782144	-0.130328802369978	-0.247064512738862	-0.362896969621004	-0.246799547777956	-0.246477207426100	-0.222916840023633	-0.116854615496481	0.155445069208692	-0.116860700969463	-0.196452235328192	0.0179832639827809	-0.321147165155500	NaN
0.0601502542619021	0.0535435001352438	0.181448237056612	0.133511043762159	0.229141318579599	0.251706935545031	0.196039143649517	0.226953416437014	0.0641130272761866	-0.0707699226833210	-0.00315482989192417	0.290130885269041	0.127214131642283	0.292596551170211	0.505211106409165	0.177686144209246	0.586460131554911	0.328285447233186	0.234312055543578	0.268777243275850	0.108724032871737	0.175274215100415	0.594109216310567	1	0.683747166772951	0.510450513574527	0.297179073364825	-0.472689167239493	-0.109210283524456	-0.104021885584948	0.162249348440297	0.243331740592324	0.212636718991635	-0.0285380140614886	0.128858419825153	-0.0382827700725299	-0.164117015219006	0.164231357233590	0.242745205992522	0.0751901893213574	-0.0438143437851781	-0.161584255437850	0.153438252597910	0.0250457362072512	-0.0868314550150553	0.0723363910192686	-0.348017934606398	-0.235522869667010	-0.173846980726189	-0.266106004219400	-0.183452030906735	-0.306598495287167	0.103877606758309	-0.130487594574016	-0.113075054684162	0.00832297108543653	-0.135688502476809	-0.133938265140969	NaN	0.400478017305351	-0.191540028596545	0.0920074698003171	-0.0915735446701793	NaN	-0.0499509942056240
0.144123814050815	0.154370256350674	0.0752511686926145	0.152827276491765	0.314066972568050	0.338452111576758	0.353286434368659	0.317200266339201	0.191300944733370	0.158760838426103	0.109494100902692	0.117096090702110	0.172279445151659	0.181817306244318	0.253544013096144	0.180813046111447	0.289438241590183	0.341312320100779	0.390439809334776	0.389723195496639	0.217686113331616	0.346864393575024	0.276662444135358	0.683747166772951	1	0.568333735892213	0.483868104818606	-0.131235614460555	-0.202296561985906	0.0594986241082982	0.150708175889511	0.224954237160378	0.0733444516535800	0.0724233933423425	0.0267691794200338	0.106241219305690	-0.105786047783413	-0.0818393081177957	0.0783433609182784	-0.00780154945204929	-0.125500009466026	-0.211017403016987	-0.168395644105816	-0.0407194035286684	-0.124151042614322	-0.129635246359717	-0.285630042671241	-0.321967879238977	-0.190555813325422	-0.219370513591151	-0.115679381294706	-0.200814202400529	-0.0551694408130334	-0.179795477322693	-0.229019616108338	-0.116916299778318	-0.148826582396546	-0.193060448779619	-0.294452593249635	0.126643571746618	-0.258179302035783	-0.159378083753475	-0.120215744864906	-0.231918932090426	-0.339065901946559
0.137651919851287	0.129517402770451	0.172292884134348	0.125304127466071	0.389708848164936	0.380148739092791	0.314838378006726	0.315984857092791	0.195278084096339	0.138247011762725	0.0924721652583214	0.0666745095224474	0.183110809819285	0.135101638259634	0.494925722706040	0.124918475598501	0.443149477899818	0.430842131328049	0.410277721393235	0.356305258335897	0.277342428549613	0.324054590853651	0.431607749534481	0.510450513574527	0.568333735892213	1	0.665674040956190	-0.100343524404770	-0.165209100407586	0.156594432498936	0.225937442927315	0.314748586589172	-0.0437323684851606	0.0712638681468936	0.0662715328669522	0.0120317180524735	-0.155477573021341	0.0821833678329523	0.199727539117402	0.0777020819076953	-0.141890065297285	-0.110442696462171	-0.0254553796608418	-0.0556650675570946	-0.0821188888057306	-0.104028675559832	-0.214719637146866	-0.276959911273289	-0.204373781303616	-0.0695310711287598	0.0457228887966986	-0.0807499072799370	-0.0681240570890036	-0.125070258126511	-0.164161422042678	-0.0332485850587934	-0.0824285038703614	-0.171961813779118	NaN	0.112193815618800	-0.287909248022784	-0.0261880755979242	0.0325817854440053	NaN	-0.0399025384559745
0.115519717290205	0.128735784174176	0.143445402112619	0.0987482072457684	0.265002714297844	0.314440317101328	0.284505520960663	0.243448121172038	0.123992657523980	0.128504928663157	0.141315749516068	-0.0480427796436660	0.188796856193735	0.0984499382416294	-0.109472556699324	0.0954667686963936	0.376409933901111	0.254792711339053	0.336103207669479	0.182852177922160	0.220416711014544	0.294423261369093	0.263829208708808	0.297179073364825	0.483868104818606	0.665674040956190	1	-0.216603175746616	-0.192651906210796	0.191279169511441	0.0987407685262205	0.404491503243267	-0.242770542614800	-0.0466733423335905	-0.0249355717224790	0.140434194204976	-0.101801222407777	0.0480499280606904	0.0509641051821069	-0.0348177241363705	-0.0672559558687761	-0.183182834368575	-0.0105382034961353	-0.102217149664642	-0.130641514772723	-0.153375403426267	-0.100842111925141	-0.0501674666958909	-0.174811893405815	-0.0387238506318859	-0.104902964715120	-0.0214236076288877	-0.0304788548164016	-0.183110009960391	-0.242489396001430	-0.207265816706318	-0.0361891215010168	-0.112205128260147	-0.0928023911179692	0.335176096643522	NaN	-0.0122524181682692	0.0163061889284286	-0.145678471868856	-0.143135310055209
-0.128381224225669	-0.167011627692629	-0.156167239891551	-0.157949256233879	0.0870601676825004	-0.0258588032847672	-0.0540717535466681	0.0378260184363073	-0.183779948852889	-0.242555322511105	-0.341737523591312	-0.174952986751333	-0.138928087075921	-0.0993386651791673	-0.259386369419424	-0.0167613631237882	0.0474154884697379	0.149631482888698	0.0992259698982554	0.0660243366571899	0.0240720468931682	0.103928717461459	-0.0421687643530766	-0.472689167239493	-0.131235614460555	-0.100343524404770	-0.216603175746616	1	0.583537603610741	0.188286281601418	0.0660372294125438	0.0581188064330777	0.0465586203514564	0.0908717037495042	-0.127714271979741	-0.145937601826807	-0.0396189696270226	0.101209160340414	0.0640115058540307	0.118987675169169	0.179134427886166	0.0383881981236458	-0.0199321823713921	0.255117925560273	0.191819219950493	0.00880368190410189	0.0928994138797086	0.0813100445295806	-0.0497078574303800	0.166618821118535	0.369550781640015	0.388270930829894	0.0643867036699626	0.298543469325827	0.181888104858751	0.0116247081151266	0.0157152843632882	0.199365035780309	0.157577253219235	-0.0494043737992105	NaN	-0.0820787150675002	0.0185182831584313	-0.177619982672097	0.243478697457114
-0.427098771988862	-0.422506387694046	-0.410337680459365	-0.351487554507476	-0.242970156519186	-0.270369258235952	-0.315432988862733	-0.289341802167613	-0.108832663734670	-0.0598820904019211	-0.129915197694285	-0.258911965120698	-0.0405552536475147	-0.242674752086751	-0.185339045372072	-0.0787398232510613	0.148488926533626	-0.234608358108880	-0.167104093024506	-0.0165271269409316	-0.129249287687656	-0.0862515393738314	-0.137090762089663	-0.109210283524456	-0.202296561985906	-0.165209100407586	-0.192651906210796	0.583537603610741	1	-0.120518442698426	-0.0550544994077222	-0.0713317476151746	-0.144897228774317	0.166348498098933	-0.0492163620211396	0.237577542084566	-0.126125634661678	0.228029682996940	0.278536818422885	0.158370056549724	0.163251534432691	0.328034146972542	0.240903172989723	0.403756459440026	0.386143202858554	0.425554643275653	0.105041505903296	0.0360686101911160	0.124432523820886	0.240192772729385	0.297040091659301	0.360610781614780	0.312525715695084	0.359910155088794	0.304123541922372	0.374936525378848	0.153924934563992	0.369816954742506	0.194051041472479	-0.274363081423279	NaN	0.176622104721875	0.197327309304950	0.0635794190811649	0.263174244935528
0.326214100887411	0.303621968240818	0.207545987302608	0.234884928410099	0.314529647717281	0.298947495986775	0.276924261758796	0.350184633064286	-0.0667402440739703	0.0620324864033578	-0.136113635992421	-0.220339549181418	0.169338992795668	0.0130486851380466	0.121158187074158	0.0700940269470842	0.00444138328406402	0.270125563464044	0.412039004460065	0.235973058746111	0.242613980269536	0.0571165536517953	0.0499065154485953	-0.104021885584948	0.0594986241082982	0.156594432498936	0.191279169511441	0.188286281601418	-0.120518442698426	1	0.129069841626372	0.262257056968833	-0.0284633442575856	-0.0834822553637555	-0.212056448678369	0.0155828946152527	0.0166017377106162	-0.0505751769566171	-0.126518776743442	0.0198947634695461	-0.0541634061385786	-0.105526135311582	-0.0890362948978649	-0.0302316473502617	-0.0375507683451685	-0.175919813876803	-0.148812704460067	-0.184985825763753	-0.235674290971124	0.111350448638205	0.138330363467863	0.0318335482576213	-0.0316602890558511	-0.0217442600543684	-0.192010536140428	-0.102631737317102	-0.0531521552676683	-0.0776910995907390	-0.211239866992230	0.502008675318074	-0.0445900764339541	-0.187047311934137	-0.167501015129096	-0.152902501598541	-0.125428061998387
0.317503421957999	0.302571436742608	0.376772805676353	0.275161117504062	0.385977481263714	0.383797988312628	0.247075729227509	0.333129922023150	0.146519094533792	0.0671157444055584	0.168729182907913	0.135290786441376	0.203574047586245	0.266001656678429	0.368901680514226	0.241559051834707	0.244920004541241	0.343241059302779	0.185103051802874	0.233509352497343	0.188465934302513	0.173829588079675	0.146996438757289	0.162249348440297	0.150708175889511	0.225937442927315	0.0987407685262205	0.0660372294125438	-0.0550544994077222	0.129069841626372	1	0.373764542329211	0.0596360121583491	-0.0369417684091851	0.0274234447622602	0.0783433983323978	0.114067534831760	-0.0566936286063016	-0.0404272564567743	0.122320079807797	-0.0577694169170119	-0.153473177001442	-0.106147933858569	-0.0942153459632630	-0.197059863698613	-0.199899769960060	-0.355320121793524	-0.313802592236856	-0.0867592926019687	0.0159037306931458	0.0628290024181782	-0.0926655224722052	-0.0335253733496492	-0.0437251444041217	-0.208916513690830	-0.230914935220481	-0.199160249661949	-0.152752775307268	-0.105877216700885	0.0350374274203322	-0.222658394148453	-0.126727830532469	-0.177409548083250	-0.121526124225600	-0.0372143363774227
0.367128982347619	0.357060747752616	0.453855727861245	0.349479716262819	0.429322553552030	0.441321993135257	0.308537147230857	0.367379801081012	0.0469188045786344	-0.00606006648322134	0.0826043555485394	-0.0426942227818189	0.0822560141891776	0.260558039255368	0.199491845381808	0.110358665359146	0.418877268474387	0.375035257914851	0.386480893031801	0.342345414545352	0.309810125973333	0.366336432284993	0.523948717523994	0.243331740592324	0.224954237160378	0.314748586589172	0.404491503243267	0.0581188064330777	-0.0713317476151746	0.262257056968833	0.373764542329211	1	-0.0730812453433807	0.0549677645060702	-0.0319967216197586	0.345698201100916	0.142281300014624	0.112983759952717	0.143508212344715	0.203825865772997	-0.0878861454506942	-0.202324741912131	-0.0600479072999231	-0.0615295299258699	-0.128464664595376	-0.248196223463126	-0.200919952609322	-0.163721484550519	-0.133914995394270	0.0346937464814150	0.187549432657263	0.142545100208835	0.144935429189329	0.0461480930432241	-0.306258965491808	-0.258098613098292	-0.123141108821943	-0.0606194366157762	-0.205428552682687	0.271785328824788	-0.0941546958311867	-0.245272373559562	-0.104028910477531	-0.287874956929945	-0.0543993215523602
-0.118234770319936	-0.137743256816474	-0.167048892994624	-0.121947287196838	-0.124524045567359	-0.0882571974734960	-0.0842290665321081	-0.0898827782787019	-0.116378545775049	-0.146729863237312	-0.0798629584904324	0.157194000260766	-0.228446857993129	0.136381342704082	0.271458652156334	-0.107812185939306	-0.0452104372560042	0.191696412247600	0.194269595878760	-0.0719506086055154	-0.0716624483742357	-0.163566224011540	-0.116595504930701	0.212636718991635	0.0733444516535800	-0.0437323684851606	-0.242770542614800	0.0465586203514564	-0.144897228774317	-0.0284633442575856	0.0596360121583491	-0.0730812453433807	1	0.173007933912508	0.272105512732346	0.310036153835757	0.0276584253522316	-0.0318052845380126	-0.0399641110730448	0.0374372908853367	0.244597793678333	0.0933418731425075	0.0857002539145329	0.0757868444495411	0.0800440170972620	0.0943141453700274	-0.0181433278696076	0.00340479834808896	0.00537518483494102	0.102438545000952	0.0337966393421902	-0.0855995484291587	0.0274861082709858	0.127187292989474	0.226263503665196	0.124060276157585	0.148043307873932	0.151703790065985	0.0398122315878286	0.110664569809735	0.201552398081314	0.117955602160049	-0.0599234566048650	-0.0764673006130408	0.539745711507827
